# Cij Matrix from post process computation
 3.35855  1.86892  1.87139  0.00233  0.00218 -0.00179
 1.86892  3.37104  1.87285  0.00112  0.00085 -0.00007
 1.87139  1.87285  3.37707 -0.00058  0.00038 -0.00057
 0.00233  0.00112 -0.00058  1.88326 -0.00039  0.00065
 0.00218  0.00085  0.00038 -0.00039  1.88229  0.00242
-0.00179 -0.00007 -0.00057  0.00065  0.00242  1.87968
