# Cij Matrix from post process computation
 1.10120  0.69454  0.66285  0.01885  0.01902 -0.01367
 0.69454  1.20617  0.65567  0.00893  0.00839 -0.00873
 0.66285  0.65567  1.11090 -0.01593  0.01634 -0.00483
 0.01885  0.00893 -0.01593  0.42772  0.01316  0.01666
 0.01902  0.00839  0.01634  0.01316  0.52416 -0.01733
-0.01367 -0.00873 -0.00483  0.01666 -0.01733  0.49891
