5.0540
-23.8329 4.6638 3.9805
1.1377 0.1077 -0.0171
0.1077 0.8846 -0.2577
-0.0171 -0.2577 0.6783
5.2340
-21.2853 -6.1583 1.7948
1.7124 0.0341 0.1966
0.0341 0.6453 0.2880
0.1966 0.2880 1.8991
5.0360
-23.1593 1.3059 -5.7549
0.7496 -0.0806 -0.1101
-0.0806 1.1178 0.1667
-0.1101 0.1667 0.6711
7.9940
68.1971 0.1604 -0.0067
0.9663 -0.1846 0.6622
-0.1846 8.2371 0.9841
0.6622 0.9841 5.9601
