# Cij Matrix from post process computation
 2.18161  1.13726  1.16596 -0.01607 -0.02637  0.00291
 1.13726  2.20242  1.16714  0.00386 -0.05820  0.02644
 1.16596  1.16714  2.24704 -0.00354 -0.00368  0.02714
-0.01607  0.00386 -0.00354  1.43706  0.00210  0.01003
-0.02637 -0.05820 -0.00368  0.00210  1.37530  0.01401
 0.00291  0.02644  0.02714  0.01003  0.01401  1.42403
