# Cij Matrix from post process computation
 1.22342  0.73647  0.71011  0.01261  0.02465 -0.00395
 0.73647  1.20115  0.70711  0.00057  0.05854 -0.02630
 0.71011  0.70711  1.16055  0.00497  0.00524 -0.02587
 0.01261  0.00057  0.00497  0.45813 -0.00083 -0.00969
 0.02465  0.05854  0.00524 -0.00083  0.52170 -0.01747
-0.00395 -0.02630 -0.02587 -0.00969 -0.01747  0.47064
