       299.999993   2.190707328091e-06
       350.000001   2.578929030867e-06
       399.999991   2.971020664629e-06
       448.700003   3.502485183541e-06
       498.550013   3.869222115369e-06
       548.410006   4.231157868078e-06
       598.260015   4.584343938822e-06
       648.119971   4.924882718643e-06
       697.970018   5.250729270715e-06
       747.829974   5.560170206552e-06
       797.680020   5.852532016766e-06
       847.539976   6.128061723437e-06
       897.390023   6.386750994148e-06
       947.249979   6.629668274141e-06
       997.100025   6.857264765228e-06
      1046.999991   7.070865452404e-06
      1096.799970   7.270621523744e-06
      1146.700010   7.458363345474e-06
      1196.499988   7.634067692938e-06
      1246.400028   7.799255397205e-06
      1296.200007   7.954097294618e-06
      1346.099973   8.099514806680e-06
      1395.899951   8.236182340929e-06
      1445.800066   8.364549897686e-06
      1495.700032   8.485699611070e-06
      1545.500010   8.599358271505e-06
      1595.399976   8.706791351196e-06
      1645.199955   8.807876822400e-06
      1695.100069   8.903286121697e-06
      1744.900048   8.993203173877e-06
      1794.800013   9.078145830705e-06
      1844.599992   9.158308733642e-06
      1894.499958   9.234285344096e-06
      1944.299936   9.306101246013e-06
      1994.200051   9.374418345187e-06
      2044.100016   9.439250928434e-06
      2093.899995   9.500892452786e-06
      2143.799961   9.559671477521e-06
      2193.599939   9.615752897068e-06
      2243.500054   9.669474789008e-06
      2293.300033   9.720938952353e-06
      2343.199998   9.770554312053e-06
      2392.999977   9.818332770668e-06
      2442.899942   9.864734452244e-06
      2492.800057   9.909795058215e-06
      2542.600036   9.953715190681e-06
      2592.499852   9.996745446233e-06
      2642.300129   1.003900249116e-05
      2692.199945   1.008069881763e-05
      2741.999924   1.012192967732e-05
      2791.900039   1.016293672274e-05
      2841.700017   1.020370567332e-05
      2891.600132   1.024462224182e-05
      2941.400111   1.028545428781e-05
      2991.299927   1.032683038118e-05
      3041.200042   1.036834695219e-05
      3091.000021   1.041056827696e-05
      3140.900135   1.045317412861e-05
      3190.700114   1.049661331536e-05
      3240.599930   1.054066320880e-05
      3290.399909   1.058547738751e-05
      3340.300024   1.063133680678e-05
      3390.100002   1.067775574612e-05
      3440.000117   1.072582824847e-05
      3489.899933   1.077423884713e-05
      3539.699912   1.082456254321e-05
      3589.600027   1.087514099273e-05
      3639.400005   1.092771705595e-05
      3689.300120   1.098080026675e-05
      3739.100099   1.103563347186e-05
      3788.999915   1.109153810066e-05
      3838.799894   1.114865463080e-05
      3888.700008   1.120742949245e-05
      3938.600123   1.126675316375e-05
      3988.400102   1.132808873556e-05
      4038.299918   1.138932311380e-05
      4088.099897   1.145312177234e-05
      4138.000011   1.151652876371e-05
      4187.799990   1.158263694289e-05
      4237.700105   1.164876297278e-05
      4287.500083   1.171693543123e-05
      4337.399900   1.178585551011e-05
      4387.199879   1.185561129585e-05
      4437.099993   1.192677303144e-05
      4487.000108   1.199806572014e-05
      4536.800086   1.207104531397e-05
      4586.699903   1.214438085483e-05
      4636.499882   1.221957829401e-05
      4686.399996   1.229559716572e-05
      4736.199975   1.237277912393e-05
      4786.100090   1.245101822525e-05
      4835.900068   1.252915732511e-05
      4885.799885   1.260860594975e-05
      4935.699999   1.268730576182e-05
      4985.499978   1.276758176090e-05
      5035.399795   1.284714109743e-05
      5085.200071   1.292864090664e-05
      5135.099888   1.300921333372e-05
      5184.900165   1.309147028167e-05
      5234.799981   1.317274271271e-05
      5284.600258   1.325502942018e-05
      5334.500074   1.333755065236e-05
      5384.299755   1.341954689248e-05
      5434.200168   1.350408002517e-05
      5484.099984   1.358613340007e-05
      5533.900261   1.367209153170e-05
      5583.800077   1.375505443178e-05
      5633.599758   1.384121970662e-05
      5683.500171   1.392556474519e-05
      5733.299851   1.401033001833e-05
      5783.200264   1.409443815419e-05
      5832.999945   1.417720581363e-05
      5882.899761   1.425971276523e-05
      5932.800174   1.434157090572e-05
      5982.599854   1.442313738049e-05
      6032.500267   1.450443718679e-05
      6082.299948   1.458617866100e-05
      6132.199764   1.466665227874e-05
      6182.000041   1.474866994596e-05
      6231.899858   1.482946141880e-05
      6281.700134   1.491147550963e-05
      6331.599951   1.499403841012e-05
      6381.400228   1.507445607898e-05
      6431.300044   1.515743207375e-05
      6481.199861   1.523456998562e-05
      6531.000137   1.531461027411e-05
      6580.899954   1.538913866722e-05
      6630.700231   1.546544444238e-05
      6680.600047   1.554036093251e-05
      6730.399728   1.561555837170e-05
      6780.300140   1.569191176333e-05
      6830.099821   1.576779372754e-05
      6880.000234   1.584292807131e-05
      6929.900050   1.591726242214e-05
      6979.699731   1.598885987124e-05
      7029.600143   1.605956089608e-05
      7079.399824   1.612967144296e-05
      7129.300237   1.619922603989e-05
      7179.099917   1.626989254295e-05
      7228.999734   1.634044594986e-05
      7278.800011   1.640947554850e-05
      7328.699827   1.647939443111e-05
      7378.600240   1.654447284868e-05
      7428.399920   1.661249411281e-05
      7478.299737   1.667486539440e-05
      7528.100014   1.674182357349e-05
      7577.999830   1.680273057209e-05
      7627.800107   1.686765898747e-05
      7677.699924   1.692661598883e-05
      7727.500200   1.698783251635e-05
      7777.400017   1.704671928201e-05
      7827.200294   1.710393105134e-05
      7877.100110   1.716544519273e-05
      7926.999927   1.721960815963e-05
      7976.800203   1.728289848471e-05
      8026.700020   1.733668644927e-05
      8076.500297   1.739835178498e-05
      8126.400113   1.745348022595e-05
      8176.199794   1.750962890400e-05
      8226.100206   1.756269663586e-05
      8275.899887   1.761249651329e-05
      8325.799704   1.766073687478e-05
      8375.700116   1.770847128707e-05
      8425.499797   1.775527713132e-05
      8475.400209   1.780422820721e-05
      8525.199890   1.785282094558e-05
      8575.099707   1.789993988266e-05
      8624.899983   1.794806357786e-05
      8674.799800   1.798983253054e-05
      8724.600077   1.803581694227e-05
      8774.499893   1.807455614160e-05
      8824.300170   1.811932984413e-05
      8874.199986   1.815874284558e-05
      8924.099803   1.820138798130e-05
      8973.900080   1.824359978776e-05
      9023.799896   1.828238541145e-05
      9073.600173   1.832841744589e-05
      9123.499990   1.836299831470e-05
      9173.300266   1.840783749690e-05
      9223.200083   1.843861242455e-05
      9272.999763   1.847578971745e-05
      9322.900176   1.850609559570e-05
      9372.799993   1.853876456546e-05
      9422.600269   1.857156329619e-05
      9472.500086   1.860686321805e-05
      9522.299767   1.864012028152e-05
      9572.200179   1.867850947575e-05
      9621.999860   1.871030464048e-05
      9671.900272   1.874704026547e-05
      9721.699953   1.877812352368e-05
      9771.599770   1.880811988549e-05
      9821.400046   1.883747457648e-05
      9871.299863   1.885976738068e-05
      9921.200275   1.888733160117e-05
      9970.999956   1.890775179037e-05
     10020.999910   1.893665767316e-05
     10070.999860   1.895988499980e-05
     10120.999810   1.898964921492e-05
     10169.999600   1.901083488152e-05
     10219.999550   1.903688601041e-05
     10269.999500   1.905288121310e-05
     10319.999460   1.907531091856e-05
     10369.999410   1.909039898032e-05
     10420.000550   1.911412630176e-05
     10470.000510   1.913431197250e-05
     10519.000290   1.916040833985e-05
     10569.000240   1.918315590040e-05
     10619.000200   1.920848798872e-05
     10669.000150   1.922594746816e-05
     10719.000100   1.924580694515e-05
     10769.000050   1.925547715858e-05
     10819.000010   1.927146759900e-05
     10867.999790   1.927984495872e-05
     10917.999740   1.929744849219e-05
     10967.999700   1.931217464628e-05
     11017.999650   1.933277816733e-05
     11067.999600   1.935335073673e-05
     11117.999550   1.937225783434e-05
     11167.999510   1.939467564348e-05
     11217.000480   1.940517561561e-05
     11267.000440   1.942691961016e-05
     11317.000390   1.942716961381e-05
     11367.000340   1.944775884804e-05
     11417.000290   1.944257671654e-05
     11467.000250   1.946169334161e-05
     11517.000200   1.946005643720e-05
     11565.999980   1.947586116151e-05
     11615.999940   1.948090519962e-05
     11665.999890   1.949160993694e-05
     11715.999840   1.950048610558e-05
     11765.999790   1.950916108542e-05
     11815.999750   1.952175867271e-05
     11865.999700   1.953443721861e-05
     11914.999490   1.955005860484e-05
     11964.999440   1.956243596048e-05
     12015.000580   1.957466926209e-05
     12065.000530   1.957789068593e-05
     12115.000490   1.958324662473e-05
     12165.000440   1.958099186709e-05
     12214.000230   1.958370257321e-05
     12264.000180   1.958383234042e-05
     12314.000130   1.958349543625e-05
     12364.000080   1.958475138391e-05
     12414.000030   1.958078353800e-05
     12463.999990   1.958284781727e-05
     12513.999940   1.958570971145e-05
     12562.999730   1.959289064878e-05
     12612.999680   1.960904894210e-05
     12662.999630   1.961660725980e-05
     12712.999580   1.963435245680e-05
     12762.999530   1.963234651068e-05
     12812.999490   1.964043458270e-05
     12862.999440   1.963306079522e-05
     12912.000420   1.963407031562e-05
     12962.000370   1.963197984074e-05
     13012.000320   1.962978342249e-05
     13062.000270   1.963430245607e-05
     13112.000230   1.963044532205e-05
     13162.000180   1.963744887569e-05
     13212.000130   1.963567626215e-05
     13260.999920   1.964304767161e-05
     13310.999870   1.964282981798e-05
     13360.999820   1.965000480091e-05
     13410.999770   1.964452504929e-05
     13460.999730   1.965057622979e-05
     13510.999680   1.964005839446e-05
     13560.999630   1.964455957732e-05
     13609.999420   1.964145481977e-05
     13660.000560   1.964311552930e-05
     13710.000510   1.965317860203e-05
     13760.000470   1.964760599548e-05
     13810.000420   1.965661907163e-05
     13860.000370   1.964487862454e-05
     13910.000320   1.963945959032e-05
     13959.000110   1.963439412511e-05
     14009.000060   1.962191201198e-05
     14059.000020   1.963013936951e-05
     14108.999970   1.962323581733e-05
     14158.999920   1.963143460748e-05
     14208.999870   1.963115365219e-05
     14258.999820   1.962513581383e-05
     14307.999610   1.962716675720e-05
     14357.999560   1.961287393859e-05
     14407.999520   1.961527750005e-05
     14457.999470   1.960587752524e-05
     14507.999420   1.960842394859e-05
     14558.000560   1.960646204880e-05
     14608.000520   1.960828108669e-05
     14657.000300   1.960943584701e-05
     14707.000260   1.960800251566e-05
     14757.000210   1.960964061220e-05
     14807.000160   1.960228110529e-05
     14857.000110   1.960303110375e-05
     14907.000060   1.959249660359e-05
     14957.000020   1.959004898957e-05
     15005.999800   1.958323948444e-05
     15055.999760   1.957538473876e-05
     15105.999710   1.957593354841e-05
     15155.999660   1.956445500128e-05
     15205.999610   1.957050975192e-05
     15255.999570   1.955963953972e-05
     15305.999520   1.956412285938e-05
     15355.000500   1.955542049804e-05
     15405.000450   1.955525145301e-05
     15455.000400   1.955095979761e-05
     15505.000350   1.955084670146e-05
     15555.000310   1.955131217449e-05
     15605.000260   1.954885027989e-05
     15654.000040   1.954598837946e-05
     15704.000000   1.953290388580e-05
     15753.999950   1.952362414742e-05
     15803.999900   1.950539680633e-05
     15853.999850   1.950020396440e-05
     15903.999810   1.949096112583e-05
     15953.999760   1.949909801269e-05
     16002.999540   1.950313729266e-05
     16052.999500   1.951991820148e-05
     16102.999450   1.952810032680e-05
     16153.000590   1.953659197479e-05
     16203.000550   1.953588006826e-05
     16253.000500   1.952603247115e-05
     16303.000450   1.951606106746e-05
     16352.000240   1.949809920895e-05
     16402.000190   1.948895756396e-05
     16452.000140   1.947667306949e-05
     16502.000090   1.947258617304e-05
     16552.000050   1.946799332738e-05
     16602.000000   1.946340762201e-05
     16651.999950   1.945925882227e-05
     16700.999740   1.944706242046e-05
     16750.999690   1.943773030334e-05
     16800.999640   1.941932796281e-05
     16850.999590   1.940923870071e-05
     16900.999550   1.939928634610e-05
     16950.999500   1.939841611122e-05
     17000.999450   1.940659346802e-05
     17050.000430   1.941472797687e-05
     17100.000380   1.943083031506e-05
     17150.000330   1.943817791940e-05
     17200.000290   1.944518861957e-05
     17250.000240   1.944429338120e-05
     17300.000190   1.943543030724e-05
     17350.000140   1.942629937892e-05
     17398.999930   1.940865656140e-05
     17448.999880   1.939853634765e-05
     17498.999830   1.938811137349e-05
     17548.999790   1.938717446681e-05
     17598.999740   1.939188993315e-05
     17648.999690   1.939766372850e-05
     17698.999640   1.940292800450e-05
     17747.999430   1.940238871940e-05
     17798.000570   1.939526254507e-05
     17848.000530   1.938808160774e-05
     17898.000480   1.937836377784e-05
     17948.000430   1.937516140308e-05
     17998.000380   1.937264712350e-05
     18048.000340   1.937304354671e-05
     18097.000120   1.937212569535e-05
     18147.000070   1.937067926931e-05
     18197.000030   1.936908165520e-05
     18246.999980   1.936870903711e-05
     18296.999930   1.936962570258e-05
     18346.999880   1.936998403386e-05
     18396.999840   1.937015188676e-05
     18445.999620   1.936562809092e-05
     18495.999570   1.936503285692e-05
     18545.999530   1.935628406499e-05
     18595.999480   1.935984953329e-05
     18645.999430   1.935154240927e-05
     18696.000580   1.935649120820e-05
     18746.000530   1.935309597706e-05
     18795.000310   1.935288526371e-05
     18845.000270   1.935651501955e-05
     18895.000220   1.934888527403e-05
     18945.000170   1.935484478548e-05
     18995.000120   1.934336147609e-05
     19045.000080   1.934664956548e-05
     19093.999860   1.933831148982e-05
     19143.999810   1.933954958052e-05
     19193.999770   1.933736982710e-05
     19243.999720   1.933793053931e-05
     19293.999670   1.934164004916e-05
     19343.999620   1.934156624331e-05
     19393.999580   1.935162931605e-05
     19443.000560   1.934906860588e-05
     19493.000510   1.936262333483e-05
     19543.000460   1.935494954297e-05
     19593.000410   1.936536499883e-05
     19643.000360   1.935443883149e-05
     19693.000320   1.935940191723e-05
     19743.000270   1.935175431475e-05
     19792.000060   1.935415312017e-05
     19842.000010   1.935223407459e-05
     19891.999960   1.935408407036e-05
     19941.999910   1.935533049348e-05
     19991.999860   1.935647811351e-05
     20041.999820   1.935872810888e-05
     20092.000960   1.935704715813e-05
     20141.000750   1.936001381605e-05
     20190.999510   1.935296026168e-05
     20241.000650   1.935858286896e-05
     20290.999410   1.934864955720e-05
     20341.000560   1.935980905711e-05
     20390.999320   1.935350787921e-05
     20441.000460   1.936802332620e-05
     20490.000250   1.936717570430e-05
     20539.999010   1.937860425070e-05
     20590.000150   1.938050662521e-05
     20639.998910   1.938649708831e-05
     20690.000060   1.938912565617e-05
     20739.998820   1.939197326978e-05
     20789.999960   1.939526492308e-05
     20838.999750   1.939503873703e-05
     20889.000890   1.939913158164e-05
     20938.999650   1.939368398004e-05
     20989.000800   1.940041491081e-05
     21038.999560   1.939195898297e-05
     21089.000700   1.940414585400e-05
     21138.999460   1.939908396517e-05
     21187.999250   1.941466606734e-05
     21238.000390   1.941514107114e-05
     21287.999150   1.942802794614e-05
     21338.000300   1.943115650880e-05
     21387.999060   1.943876125084e-05
     21438.000200   1.944251124311e-05
     21487.998960   1.944748146914e-05
     21537.001130   1.945151360259e-05
     21586.999890   1.945613025961e-05
     21637.001040   1.946063025033e-05
     21686.999800   1.946490523466e-05
     21737.000940   1.946989450977e-05
     21786.999700   1.947158736307e-05
     21837.000850   1.947729806300e-05
     21886.000630   1.947371235973e-05
     21935.999390   1.948195162607e-05
     21986.000540   1.947545402163e-05
     22035.999300   1.948914208794e-05
     22086.000440   1.948606114175e-05
     22135.999200   1.950318967141e-05
     22186.000350   1.950549442977e-05
     22235.000130   1.951946582314e-05
     22284.998890   1.952418128949e-05
     22335.000040   1.953300983542e-05
     22385.001180   1.953833839896e-05
     22434.999940   1.954451337979e-05
     22485.001090   1.955082051209e-05
     22534.000870   1.955647644903e-05
     22583.999630   1.956585975901e-05
     22634.000780   1.957146807947e-05
     22683.999540   1.958632042439e-05
     22734.000680   1.958979303776e-05
     22783.999440   1.960781680580e-05
     22834.000590   1.960636204734e-05
     22883.000370   1.962129177450e-05
     22932.999130   1.961678702150e-05
     22983.000280   1.962684770998e-05
     23032.999040   1.962552509675e-05
     23083.000180   1.963327984098e-05
     23132.998940   1.963789054360e-05
     23183.000090   1.964507148093e-05
     23231.999870   1.965497383480e-05
     23282.001020   1.966165477108e-05
     23331.999780   1.967736544833e-05
     23382.000920   1.968232614981e-05
     23431.999680   1.970090348977e-05
     23482.000830   1.970372372189e-05
     23531.999590   1.971904868636e-05
     23580.999370   1.972377605527e-05
     23631.000520   1.973263675121e-05
     23680.999280   1.974321767571e-05
     23731.000420   1.974757361865e-05
     23780.999180   1.975992001641e-05
     23831.000330   1.976581524032e-05
     23880.999090   1.977416046251e-05
     23929.998870   1.978573662060e-05
     23980.000020   1.979004375494e-05
     24030.001160   1.980597467008e-05
     24079.999920   1.981157703614e-05
     24130.001070   1.982805913895e-05
     24179.999830   1.983747102256e-05
     24230.000970   1.985059480027e-05
     24279.000760   1.985938883066e-05
     24328.999520   1.986828881066e-05
     24379.000660   1.987661379164e-05
     24428.999420   1.988610662138e-05
     24479.000570   1.989662921897e-05
     24528.999330   1.990722681454e-05
     24579.000470   1.991738750448e-05
     24628.000260   1.992645295937e-05
     24677.999020   1.993791840557e-05
     24728.000160   1.995008742588e-05
     24777.998920   1.996749214856e-05
     24828.000070   1.998298853608e-05
     24877.998830   1.999850754907e-05
     24927.999970   2.000885990327e-05
     24976.999760   2.001438132320e-05
     25027.000900   2.001961464132e-05
     25076.999660   2.002570034360e-05
     25127.000810   2.003602650842e-05
     25176.999570   2.005427884676e-05
     25227.000710   2.006965499785e-05
     25276.999470   2.009240732692e-05
     25325.999260   2.010070492640e-05
     25376.000400   2.011435965680e-05
     25425.999160   2.011387632682e-05
     25476.000310   2.012075011949e-05
     25525.999070   2.012495725237e-05
     25576.000210   2.013678579212e-05
     25625.998970   2.015531670149e-05
     25675.001140   2.017369523066e-05
     25724.999900   2.019903802941e-05
     25775.001050   2.021726179412e-05
     25824.999810   2.023805222340e-05
     25875.000950   2.025199980541e-05
     25924.999710   2.026675691739e-05
     25973.999500   2.027815212789e-05
     26024.000640   2.029045924159e-05
     26073.999400   2.029972826954e-05
     26124.000550   2.030985919371e-05
     26173.999310   2.031339014023e-05
     26224.000450   2.031955917290e-05
     26273.999210   2.031881155246e-05
     26322.999000   2.032453535332e-05
     26373.000140   2.033026867249e-05
     26422.998910   2.034312101945e-05
     26473.000050   2.036264478440e-05
     26522.998810   2.038247330974e-05
     26572.999950   2.040880420180e-05
     26623.001100   2.042827081948e-05
     26672.000890   2.045216362205e-05
     26721.999650   2.046947786782e-05
     26772.000790   2.049373971210e-05
     26821.999550   2.051321586057e-05
     26872.000690   2.053960864967e-05
     26921.999450   2.055967289185e-05
     26972.000600   2.057976807943e-05
     27021.000390   2.059289900367e-05
     27070.999150   2.059980613224e-05
     27121.000290   2.060654897180e-05
     27170.999050   2.060756801675e-05
     27221.000190   2.061520371043e-05
     27270.998950   2.062078464939e-05
     27321.000100   2.063266795838e-05
     27369.999890   2.064426078754e-05
     27420.001030   2.065843694610e-05
     27469.999790   2.067485119122e-05
     27520.000930   2.069112020267e-05
     27569.999690   2.071341776914e-05
     27620.000840   2.073353438382e-05
     27669.999600   2.076003908318e-05
     27718.999390   2.078029855977e-05
     27769.000530   2.080150565346e-05
     27818.999290   2.081620085592e-05
     27869.000430   2.082723892727e-05
     27918.999200   2.083754842726e-05
     27969.000340   2.084823173123e-05
     28018.999100   2.086291979340e-05
     28067.998890   2.088131022512e-05
     28118.000030   2.090086494171e-05
     28168.001170   2.091974584994e-05
     28217.999940   2.093715533490e-05
     28268.001080   2.094791959124e-05
     28317.999840   2.096453146127e-05
     28368.000980   2.097399810164e-05
     28417.000770   2.099495996020e-05
     28466.999530   2.101110039656e-05
     28517.000680   2.103257177448e-05
     28566.999440   2.105312648693e-05
     28617.000580   2.106847407063e-05
     28666.999340   2.108915259589e-05
     28717.000480   2.110169304217e-05
     28766.000270   2.111935966481e-05
     28815.999030   2.113508582101e-05
     28866.000180   2.114887626054e-05
     28915.998940   2.116970716601e-05
     28966.000080   2.118212379947e-05
     29015.998840   2.120567136545e-05
     29065.999980   2.121983799946e-05
     29114.999770   2.124121176018e-05
     29165.000920   2.125701410023e-05
     29214.999680   2.127518548620e-05
     29265.000820   2.129304973374e-05
     29314.999580   2.130949254625e-05
     29365.000720   2.133088059378e-05
     29414.000510   2.134690912613e-05
     29463.999270   2.137015907199e-05
     29514.000420   2.138672808157e-05
     29563.999180   2.140656850947e-05
     29614.000320   2.142301371248e-05
     29663.999080   2.143662558244e-05
     29714.000230   2.145287792282e-05
     29763.000010   2.146460170508e-05
     29813.001160   2.148094928465e-05
     29862.999920   2.149941115044e-05
     29913.001060   2.151624205999e-05
     29962.999820   2.154280152234e-05
     30013.000970   2.155988481355e-05
     30062.999730   2.158668237075e-05
     30111.999510   2.160294661993e-05
     30162.000660   2.162222990577e-05
     30211.999420   2.163854653369e-05
     30262.000560   2.165278935781e-05
     30311.999320   2.166944408203e-05
     30362.000470   2.168649403734e-05
     30411.999230   2.170400352375e-05
     30460.999010   2.172379633518e-05
     30511.000160   2.174321771441e-05
     30560.998920   2.176013196058e-05
     30611.000060   2.178383904705e-05
     30660.998820   2.179633663912e-05
     30710.999970   2.182457228371e-05
     30761.001110   2.183749368673e-05
     30810.000900   2.186388409781e-05
     30859.999660   2.187972453604e-05
     30910.000800   2.189746497077e-05
     30959.999560   2.191642444712e-05
     31010.000710   2.192491490298e-05
     31059.999470   2.194868389898e-05
     31110.000610   2.195538388435e-05
     31159.000400   2.198378619595e-05
     31208.999160   2.199516950389e-05
     31259.000300   2.202404562717e-05
     31308.999060   2.204138606231e-05
     31359.000210   2.206524552898e-05
     31408.998970   2.208849785285e-05
     31459.000110   2.210633352677e-05
     31507.999900   2.213403584065e-05
     31558.001040   2.214611438404e-05
     31607.999800   2.217440717588e-05
     31658.000950   2.218206429666e-05
     31707.999710   2.220597614832e-05
     31758.000850   2.221520707810e-05
     31807.999610   2.223486655217e-05
     31856.999400   2.225218079794e-05
     31907.000540   2.226925694886e-05
     31956.999300   2.229524498233e-05
     32007.000450   2.230966161375e-05
     32056.999210   2.233722583424e-05
     32107.000350   2.235106390273e-05
     32156.999110   2.237489479578e-05
     32205.998900   2.239218761444e-05
     32256.000040   2.241237327894e-05
     32306.001190   2.243425655901e-05
     32355.999950   2.245280651746e-05
     32406.001090   2.247469694406e-05
     32455.999850   2.249282070731e-05
     32506.001000   2.251253732864e-05
     32555.000780   2.253026823883e-05
     32604.999540   2.254886105148e-05
     32655.000690   2.256705624881e-05
     32704.999450   2.258565620175e-05
     32755.000590   2.260393949173e-05
     32804.999350   2.262369182698e-05
     32853.999140   2.264163464264e-05
     32904.000280   2.266373459045e-05
     32953.999040   2.268213692474e-05
     33004.000190   2.270557258670e-05
     33053.998950   2.272394159132e-05
     33104.000090   2.274608439334e-05
     33153.998850   2.276434625622e-05
     33203.001020   2.278392716218e-05
     33252.999780   2.280222712323e-05
     33303.000930   2.282106040875e-05
     33352.999690   2.283969845986e-05
     33403.000830   2.285829127252e-05
     33452.999590   2.287808170594e-05
     33503.000740   2.289655785231e-05
     33552.000520   2.291806255989e-05
     33601.999280   2.293581490341e-05
     33652.000430   2.295902198883e-05
     33701.999190   2.297583623355e-05
     33752.000330   2.299854332416e-05
     33801.999090   2.301690994452e-05
     33852.000240   2.303848608617e-05
     33901.000020   2.305984079780e-05
     33951.001170   2.307899551480e-05
     34000.999930   2.310095974724e-05
     34051.001070   2.311669542798e-05
     34100.999830   2.313621918668e-05
     34151.000980   2.315265486514e-05
     34200.999740   2.317246196339e-05
     34249.999520   2.319366905085e-05
     34300.000670   2.321532614487e-05
     34349.999430   2.323965703896e-05
     34400.000570   2.325986889907e-05
     34449.999330   2.328144503448e-05
     34500.000480   2.329738547417e-05
     34549.999240   2.331471162249e-05
     34598.999020   2.332773064271e-05
     34649.000170   2.334386155453e-05
     34698.998930   2.335970913929e-05
     34749.000070   2.337855194935e-05
     34798.998830   2.339996618625e-05
     34848.999980   2.342158756011e-05
     34899.001120   2.344555179052e-05
     34948.000910   2.346639222052e-05
     34997.999670   2.348855407162e-05
     35048.000810   2.350808973912e-05
     35097.999570   2.352801350366e-05
     35148.000720   2.354680155072e-05
     35197.999480   2.356662531380e-05
     35248.000620   2.358604431501e-05
     35297.000410   2.360735141017e-05
     35346.999170   2.362817279109e-05
     35397.000310   2.365135606515e-05
     35446.999070   2.367227506952e-05
     35497.000220   2.369326311121e-05
     35546.998980   2.371180116087e-05
     35597.000120   2.372817731406e-05
     35645.999910   2.374426299366e-05
     35696.001050   2.375862724634e-05
     35745.999810   2.377606767669e-05
     35796.000960   2.379258430753e-05
     35845.999720   2.381329616245e-05
     35896.000860   2.383301516180e-05
     35945.999620   2.385583654068e-05
     35994.999410   2.387606029711e-05
     36045.000550   2.389770072630e-05
     36094.999310   2.391692687112e-05
     36145.000460   2.393611968005e-05
     36194.999220   2.395452916086e-05
     36245.000360   2.397311007096e-05
     36294.000150   2.399212669457e-05
     36343.998910   2.401081950244e-05
     36394.000050   2.403120279184e-05
     36443.998810   2.404901703241e-05
     36493.999960   2.406985270015e-05
     36544.001100   2.408720265983e-05
     36593.999860   2.410818832351e-05
     36642.999650   2.412561447329e-05
     36693.000790   2.414587394988e-05
     36742.999550   2.416404533584e-05
     36793.000700   2.418318814404e-05
     36842.999460   2.420145953146e-05
     36893.000600   2.422005234412e-05
     36942.999360   2.423847611174e-05
     36991.999150   2.425658559442e-05
     37042.000290   2.427546411840e-05
     37091.999050   2.429390217284e-05
     37142.000200   2.431360688537e-05
     37191.998960   2.433197588999e-05
     37242.000100   2.435217822556e-05
     37291.998860   2.437042341737e-05
     37341.001030   2.438975908820e-05
     37390.999790   2.440793285218e-05
     37441.000940   2.442673280804e-05
     37490.999700   2.444501848228e-05
     37541.000840   2.446331605907e-05
     37590.999600   2.448194934791e-05
     37641.000750   2.450014930127e-05
     37690.000530   2.451896592196e-05
     37739.999290   2.453718730865e-05
     37790.000440   2.455639916666e-05
     37839.999200   2.457487293501e-05
     37890.000340   2.459302289388e-05
     37939.999100   2.461230856398e-05
     37990.000250   2.462935375701e-05
     38039.000030   2.464922514280e-05
     38089.001180   2.466616557835e-05
     38138.999940   2.468644171976e-05
     38189.001080   2.470377501461e-05
     38238.999840   2.472306306272e-05
     38289.000990   2.474062730589e-05
     38338.999750   2.475894630979e-05
     38387.999530   2.477623436618e-05
     38438.000680   2.479416527304e-05
     38487.999440   2.481183666420e-05
     38538.000580   2.482971280806e-05
     38587.999340   2.484737467467e-05
     38638.000490   2.486526748960e-05
     38687.999250   2.488291744742e-05
     38736.999030   2.490045311696e-05
     38787.000180   2.491810783704e-05
     38836.998940   2.493595303550e-05
     38887.000080   2.495370537279e-05
     38936.998840   2.497146961887e-05
     38986.999990   2.498950291145e-05
     39037.001130   2.500710286853e-05
     39086.000920   2.502506711130e-05
     39135.999680   2.504237897280e-05
     39186.000820   2.506067654960e-05
     39235.999580   2.507779317670e-05
     39286.000730   2.509575027918e-05
     39335.999490   2.511301213996e-05
     39386.000630   2.513057162086e-05
     39435.000420   2.514773824869e-05
     39484.999180   2.516502630508e-05
     39535.000320   2.518254769405e-05
     39584.999080   2.519971431564e-05
     39635.000230   2.521705951305e-05
     39684.998990   2.523419518924e-05
     39734.001160   2.525107609952e-05
     39783.999920   2.526819987315e-05
     39834.001060   2.528536411673e-05
     39883.999820   2.530249264639e-05
     39934.000970   2.531955927276e-05
     39983.999730   2.533669256470e-05
     40033.998490   2.535359728633e-05
     40082.998280   2.537032343838e-05
     40132.999420   2.538710911571e-05
     40183.000560   2.540404716700e-05
     40233.001710   2.542082808206e-05
     40282.998090   2.543763042421e-05
     40332.999230   2.545446609603e-05
     40383.000370   2.547104700817e-05
     40432.000160   2.548758030383e-05
     40482.001300   2.550382788818e-05
     40531.997680   2.552074689038e-05
     40581.998830   2.553679209380e-05
     40631.999970   2.555374919417e-05
     40682.001110   2.556980153787e-05
     40732.002260   2.558651340312e-05
     40781.002040   2.560228003550e-05
     40830.998420   2.561870142091e-05
     40880.999570   2.563501804883e-05
     40931.000710   2.565147277638e-05
     40981.001850   2.566802273687e-05
     41030.998230   2.568416079522e-05
     41080.999370   2.570030123158e-05
     41129.999160   2.571517262559e-05
     41180.000310   2.573066306496e-05
     41230.001450   2.574561302708e-05
     41279.997830   2.576136061038e-05
     41329.998970   2.577758676139e-05
     41380.000110   2.579434862736e-05
     41430.001260   2.581183430241e-05
     41479.001050   2.582860330867e-05
     41529.002190   2.584546041382e-05
     41578.998570   2.586160561246e-05
     41628.999710   2.587652462294e-05
     41679.000850   2.589155078141e-05
     41729.002000   2.590548408285e-05
     41778.998370   2.592042690469e-05
     41827.998160   2.593462449035e-05
     41877.999310   2.595006492898e-05
     41928.000450   2.596537917679e-05
     41978.001590   2.598106723481e-05
     42027.997970   2.599669100529e-05
     42077.999110   2.601238858786e-05
     42128.000260   2.602795521733e-05
     42177.000050   2.604325280030e-05
     42227.001190   2.605825753167e-05
     42277.002330   2.607335511173e-05
     42326.998710   2.608699079305e-05
     42376.999860   2.610105980986e-05
     42427.001000   2.611363120778e-05
     42477.002140   2.612741926930e-05
     42526.001930   2.614102399898e-05
     42575.998310   2.615617396402e-05
     42625.999450   2.617298583072e-05
     42676.000600   2.618905960153e-05
     42726.001740   2.620673813297e-05
     42775.998120   2.622120476512e-05
     42825.999260   2.623680472424e-05
     42874.999050   2.624884755372e-05
     42925.000190   2.626277371487e-05
     42975.001340   2.627552606662e-05
     43024.997710   2.628998793650e-05
     43074.998860   2.630451170966e-05
     43125.000000   2.631930929159e-05
     43173.999790   2.633383068674e-05
     43224.000930   2.634750446623e-05
     43274.002080   2.636225204742e-05
     43323.998450   2.637498773434e-05
     43373.999600   2.639056865062e-05
     43424.000740   2.640334480749e-05
     43474.001880   2.641907572595e-05
     43523.001670   2.643247807470e-05
     43572.998050   2.644695423139e-05
     43622.999190   2.646142324155e-05
     43673.000340   2.647419940466e-05
     43723.001480   2.648761365596e-05
     43772.997860   2.650003029566e-05
     43822.999000   2.651190407387e-05
     43871.998790   2.652589690058e-05
     43921.999930   2.653814925128e-05
     43972.001080   2.655367540456e-05
     44022.002220   2.656714442510e-05
     44071.998600   2.658098724962e-05
     44121.999740   2.659493006936e-05
     44172.000890   2.660656099669e-05
     44221.000670   2.662029905749e-05
     44271.001820   2.663199427236e-05
     44320.998190   2.664597756829e-05
     44370.999340   2.665899182624e-05
     44421.000480   2.667276560095e-05
     44471.001630   2.668648699691e-05
     44520.998000   2.669935125268e-05
     44569.997790   2.671278931534e-05
     44619.998930   2.672407500608e-05
     44670.000080   2.673737973762e-05
     44720.001220   2.674858923202e-05
     44770.002370   2.676072967870e-05
     44819.998740   2.677463916878e-05
     44869.999890   2.678420343259e-05
     44918.999670   2.680027720339e-05
     44969.000820   2.680708195249e-05
     45019.001960   2.682291525043e-05
     45068.998340   2.682955332627e-05
     45118.999480   2.684372472255e-05
     45169.000630   2.685298184170e-05
     45219.001770   2.686624609706e-05
     45268.001560   2.687783178593e-05
     45317.997930   2.689080794571e-05
     45367.999080   2.690365076813e-05
     45418.000220   2.691648407225e-05
     45468.001370   2.692943404266e-05
     45517.997740   2.694219829697e-05
     45567.998890   2.695509350438e-05
     45616.998670   2.696753871771e-05
     45666.999820   2.698041725404e-05
     45717.000960   2.699282913147e-05
     45767.002110   2.700578624217e-05
     45816.998480   2.701681717323e-05
     45866.999630   2.703000999452e-05
     45917.000770   2.703777188527e-05
     45966.000560   2.705163375264e-05
     46016.001700   2.705612184081e-05
     46065.998080   2.707177180066e-05
     46115.999220   2.707658369832e-05
     46166.000370   2.709215985233e-05
     46216.001510   2.710131459201e-05
     46265.997890   2.711345503869e-05
     46314.997670   2.712715738557e-05
     46364.998820   2.713603355421e-05
     46414.999960   2.715114066506e-05
     46465.001110   2.716012873772e-05
     46515.002250   2.717197156428e-05
     46564.998630   2.718248582946e-05
     46613.998410   2.719072390367e-05
     46663.999560   2.720100721429e-05
     46714.000700   2.720950243243e-05
     46764.001850   2.721785478866e-05
     46813.998220   2.722799524363e-05
     46863.999370   2.723618570136e-05
     46914.000510   2.724704995916e-05
     46963.000300   2.725868802678e-05
     47013.001440   2.726873086454e-05
     47062.997820   2.728417368119e-05
     47112.998960   2.729175223386e-05
     47163.000110   2.730675696522e-05
     47213.001250   2.731271885469e-05
     47262.997630   2.732541168117e-05
     47312.002180   2.733262594816e-05
     47361.998560   2.734390449237e-05
     47411.999700   2.735389732940e-05
     47462.000850   2.736346873350e-05
     47512.001990   2.737490204217e-05
     47561.998370   2.738161393009e-05
     47611.999510   2.739418056574e-05
     47660.999300   2.739896150551e-05
     47711.000440   2.741272576192e-05
     47761.001590   2.741810908222e-05
     47810.997960   2.743082095778e-05
     47860.999110   2.743726379922e-05
     47911.000250   2.744778758270e-05
     47961.001400   2.745639470485e-05
     48010.001180   2.746677087041e-05
     48060.002330   2.747763989048e-05
     48109.998700   2.748692796752e-05
     48159.999850   2.749629461267e-05
     48210.000990   2.750043745801e-05
     48260.002140   2.750801601067e-05
     48309.998510   2.751081124555e-05
     48358.998300   2.752262549848e-05
     48408.999440   2.753136119572e-05
     48459.000590   2.754891829236e-05
     48509.001730   2.756190636094e-05
     48558.998110   2.757640156672e-05
     48608.999250   2.758621344368e-05
     48659.000400   2.759152295814e-05
     48708.000180   2.759675866051e-05
     48758.001330   2.759767770399e-05
     48807.997700   2.760329197885e-05
     48857.998850   2.760713958833e-05
     48907.999990   2.761545623065e-05
     48958.001140   2.762327526242e-05
     49008.002280   2.763286333759e-05
     49057.002070   2.764204426664e-05
     49106.998440   2.765167757402e-05
     49156.999590   2.766123231329e-05
     49207.000730   2.767077515000e-05
     49257.001880   2.768026322371e-05
     49306.998250   2.768972987032e-05
     49356.999400   2.769917984586e-05
     49405.999180   2.770811553978e-05
     49456.000330   2.771735837211e-05
     49506.001470   2.772458692591e-05
     49555.997850   2.773220833902e-05
     49605.998990   2.773479880871e-05
     49656.000140   2.773915594378e-05
     49706.001280   2.773826308342e-05
     49755.001070   2.774207736324e-05
     49805.002210   2.774590830789e-05
     49854.998590   2.775501304683e-05
     49904.999730   2.776906539257e-05
     49955.000880   2.778362012362e-05
     50005.002020   2.780244388460e-05
     50054.001810   2.781776051666e-05
     50103.998180   2.783463428665e-05
