  299.999993    4.993207259200001e-02
  350.000001    5.878068235206918e-02
  399.999991    6.771749817802455e-02
  448.700003    7.983099439822071e-02
  498.550013    8.818990883073882e-02
  548.410006    9.643939156454344e-02
  598.260015    1.044894456711503e-01
  648.119971    1.122512342297482e-01
  697.970018    1.196781476669210e-01
  747.829974    1.267311332816693e-01
  797.680020    1.333948399957263e-01
  847.539976    1.396748981022272e-01
  897.390023    1.455711176831281e-01
  947.249979    1.511078514598993e-01
  997.100025    1.562953835272447e-01
 1046.999991    1.611639138329644e-01
 1096.799970    1.657168883571940e-01
 1146.700010    1.699960260361398e-01
 1196.499988    1.740007975178454e-01
 1246.400028    1.777658666053502e-01
 1296.200007    1.812951271153090e-01
 1346.099973    1.846095807053991e-01
 1395.899951    1.877245989251251e-01
 1445.800066    1.906504384840011e-01
 1495.700032    1.934117641095748e-01
 1545.500010    1.960023486257162e-01
 1595.399976    1.984510355247497e-01
 1645.199955    2.007550434684091e-01
 1695.100069    2.029296762901293e-01
 1744.900048    2.049791261272387e-01
 1794.800013    2.069151962049287e-01
 1844.599992    2.087423229220898e-01
 1894.499958    2.104740328496724e-01
 1944.299936    2.121109091141547e-01
 1994.200051    2.136680383168966e-01
 2044.100016    2.151457460926025e-01
 2093.899995    2.165507211110171e-01
 2143.799961    2.178904521158485e-01
 2193.599939    2.191686974916575e-01
 2243.500054    2.203931629297063e-01
 2293.300033    2.215661687014396e-01
 2343.199998    2.226970352989314e-01
 2392.999977    2.237860340133224e-01
 2442.899942    2.248436523008654e-01
 2492.800057    2.258707038926197e-01
 2542.600036    2.268717610463626e-01
 2592.499852    2.278525355278846e-01
 2642.300129    2.288156864735917e-01
 2692.199945    2.297660571476762e-01
 2741.999924    2.307058185903266e-01
 2791.900039    2.316404787078327e-01
 2841.700017    2.325697120078528e-01
 2891.600132    2.335023099146384e-01
 2941.400111    2.344329813276150e-01
 2991.299927    2.353760530338316e-01
 3041.200042    2.363223266007570e-01
 3091.000021    2.372846633886579e-01
 3140.900135    2.382557645714369e-01
 3190.700114    2.392458596874416e-01
 3240.599930    2.402498744404449e-01
 3290.399909    2.412713092965781e-01
 3340.300024    2.423165679774864e-01
 3390.100002    2.433745796155761e-01
 3440.000117    2.444702803722404e-01
 3489.899933    2.455736872470508e-01
 3539.699912    2.467206987229991e-01
 3589.600027    2.478735167104316e-01
 3639.400005    2.490718656508125e-01
 3689.300120    2.502817738394119e-01
 3739.100099    2.515315690735340e-01
 3788.999915    2.528057849159135e-01
 3838.799894    2.541076232274870e-01
 3888.700008    2.554472593444894e-01
 3938.600123    2.567994042995879e-01
 3988.400102    2.581974058422027e-01
 4038.299918    2.595931009130135e-01
 4088.099897    2.610472427824650e-01
 4138.000011    2.624924575107538e-01
 4187.799990    2.639992395255915e-01
 4237.700105    2.655064284057992e-01
 4287.500083    2.670602608600261e-01
 4337.399900    2.686311335811583e-01
 4387.199879    2.702210542942628e-01
 4437.099993    2.718430203605145e-01
 4487.000108    2.734679711979910e-01
 4536.800086    2.751313711100320e-01
 4586.699903    2.768028840058171e-01
 4636.499882    2.785168345384701e-01
 4686.399996    2.802495077129800e-01
 4736.199975    2.820086907360691e-01
 4786.100090    2.837919688748460e-01
 4835.900068    2.855729677131906e-01
 4885.799885    2.873838141197327e-01
 4935.699999    2.891775930873141e-01
 4985.499978    2.910072975677162e-01
 5035.399795    2.928206673940038e-01
 5085.200071    2.946782657767389e-01
 5135.099888    2.965147266431833e-01
 5184.900165    2.983895822405373e-01
 5234.799981    3.002419980673259e-01
 5284.600258    3.021175319636448e-01
 5334.500074    3.039984113046491e-01
 5384.299755    3.058673246740632e-01
 5434.200168    3.077940606025838e-01
 5484.099984    3.096642762262726e-01
 5533.900261    3.116234916875922e-01
 5583.800077    3.135144378199755e-01
 5633.599758    3.154783746284444e-01
 5683.500171    3.174008233894672e-01
 5733.299851    3.193328504190182e-01
 5783.200264    3.212498995343827e-01
 5832.999945    3.231363956109852e-01
 5882.899761    3.250169494594199e-01
 5932.800174    3.268827151693264e-01
 5982.599854    3.287418330382743e-01
 6032.500267    3.305948728203727e-01
 6082.299948    3.324579793940781e-01
 6132.199764    3.342921881316898e-01
 6182.000041    3.361615898819565e-01
 6231.899858    3.380030433864631e-01
 6281.700134    3.398723636212473e-01
 6331.599951    3.417541926943555e-01
 6381.400228    3.435871262075217e-01
 6431.300044    3.454783708028732e-01
 6481.199861    3.472365498922017e-01
 6531.000137    3.490608818985450e-01
 6580.899954    3.507595830838725e-01
 6630.700231    3.524987955544848e-01
 6680.600047    3.542063425077188e-01
 6730.399728    3.559202930405997e-01
 6780.300140    3.576605908177732e-01
 6830.099821    3.593901435046029e-01
 6880.000234    3.611026559242994e-01
 6929.900050    3.627969343676719e-01
 6979.699731    3.644288315088470e-01
 7029.600143    3.660402967462943e-01
 7079.399824    3.676383034135416e-01
 7129.300237    3.692236384961802e-01
 7179.099917    3.708343168900346e-01
 7228.999734    3.724424175204885e-01
 7278.800011    3.740157864895386e-01
 7328.699827    3.756094246160319e-01
 7378.600240    3.770927356127178e-01
 7428.399920    3.786431219444687e-01
 7478.299737    3.800647300799204e-01
 7528.100014    3.815908858635245e-01
 7577.999830    3.829791190777285e-01
 7627.800107    3.844590111237660e-01
 7677.699924    3.858027986913546e-01
 7727.500200    3.871980868965676e-01
 7777.400017    3.885402736049151e-01
 7827.200294    3.898442826720649e-01
 7877.100110    3.912463542924655e-01
 7926.999927    3.924808730072066e-01
 7976.800203    3.939234285990664e-01
 8026.700020    3.951494000086413e-01
 8076.500297    3.965549177515180e-01
 8126.400113    3.978114421996269e-01
 8176.199794    3.990912205764038e-01
 8226.100206    4.003007759586079e-01
 8275.899887    4.014358482081147e-01
 8325.799704    4.025353749230237e-01
 8375.700116    4.036233697039960e-01
 8425.499797    4.046901999386205e-01
 8475.400209    4.058059257334148e-01
 8525.199890    4.069134840588116e-01
 8575.099707    4.079874505154750e-01
 8624.899983    4.090843180939550e-01
 8674.799800    4.100363441133900e-01
 8724.600077    4.110844517063854e-01
 8774.499893    4.119674215528354e-01
 8824.300170    4.129879338486923e-01
 8874.199986    4.138862614455533e-01
 8924.099803    4.148582580172371e-01
 8973.900080    4.158203778574244e-01
 9023.799896    4.167044058390639e-01
 9073.600173    4.177535988808466e-01
 9123.499990    4.185417892655567e-01
 9173.300266    4.195637940180251e-01
 9223.200083    4.202652368359356e-01
 9272.999763    4.211126066621344e-01
 9322.900176    4.218033585911299e-01
 9372.799993    4.225479716887560e-01
 9422.600269    4.232955423855514e-01
 9472.500086    4.241001219102574e-01
 9522.299767    4.248581392346564e-01
 9572.200179    4.257331315298212e-01
 9621.999860    4.264578282763996e-01
 9671.900272    4.272951313109914e-01
 9721.699953    4.280036018060849e-01
 9771.599770    4.286872990285241e-01
 9821.400046    4.293563708587195e-01
 9871.299863    4.298644834227851e-01
 9921.200275    4.304927456469536e-01
 9970.999956    4.309581763123840e-01
10020.999910    4.316170186046878e-01
10070.999860    4.321464314317847e-01
10120.999810    4.328248374109672e-01
10169.999600    4.333077153513550e-01
10219.999550    4.339014901756592e-01
10269.999500    4.342660635769527e-01
10319.999460    4.347772964864723e-01
10369.999410    4.351211937224985e-01
10420.000550    4.356620027668486e-01
10470.000510    4.361220881300479e-01
10519.000290    4.367168940597123e-01
10569.000240    4.372353717358988e-01
10619.000200    4.378127577046596e-01
10669.000150    4.382107058849746e-01
10719.000100    4.386633564211683e-01
10769.000050    4.388837664196996e-01
10819.000010    4.392482312761372e-01
10867.999790    4.394391736846938e-01
10917.999740    4.398404052412000e-01
10967.999700    4.401760536345725e-01
11017.999650    4.406456629226447e-01
11067.999600    4.411145667399245e-01
11117.999550    4.415455100057186e-01
11167.999510    4.420564717663238e-01
11217.000480    4.422957941823701e-01
11267.000440    4.427913979083397e-01
11317.000390    4.427970961594205e-01
11367.000340    4.432663798126970e-01
11417.000290    4.431482651914870e-01
11467.000250    4.435839841478577e-01
11517.000200    4.435466747232812e-01
11565.999980    4.439069066134221e-01
11615.999940    4.440218737173504e-01
11665.999890    4.442658632791173e-01
11715.999840    4.444681748755539e-01
11765.999790    4.446659008417524e-01
11815.999750    4.449530335111796e-01
11865.999700    4.452420114436136e-01
11914.999490    4.455980645691143e-01
11964.999440    4.458801775708780e-01
12015.000580    4.461590071964504e-01
12065.000530    4.462324320519598e-01
12115.000490    4.463545082058716e-01
12165.000440    4.463031162555576e-01
12214.000230    4.463649004898201e-01
12264.000180    4.463678582312157e-01
12314.000130    4.463601792851249e-01
12364.000080    4.463888056876237e-01
12414.000030    4.462983678790349e-01
12463.999990    4.463454183184241e-01
12513.999940    4.464106485324805e-01
12562.999730    4.465743212784665e-01
12612.999680    4.469426119509226e-01
12662.999630    4.471148862037314e-01
12712.999580    4.475193466505477e-01
12762.999530    4.474736257794869e-01
12812.999490    4.476579745485139e-01
12862.999440    4.474899062324006e-01
12912.000420    4.475129158993011e-01
12962.000370    4.474652683919771e-01
13012.000320    4.474152061522179e-01
13062.000270    4.475182070003315e-01
13112.000230    4.474302926114882e-01
13162.000180    4.475899223092896e-01
13212.000130    4.475495197110867e-01
13260.999920    4.477175338257713e-01
13310.999870    4.477125683595366e-01
13360.999820    4.478761053888390e-01
13410.999770    4.477512072099872e-01
13460.999730    4.478891297796152e-01
13510.999680    4.476494002135185e-01
13560.999630    4.477519941960343e-01
13609.999420    4.476812284769539e-01
13660.000560    4.477190804838115e-01
13710.000510    4.479484447953331e-01
13760.000470    4.478214302045600e-01
13810.000420    4.480268622889048e-01
13860.000370    4.477592661345288e-01
13910.000320    4.476357518674325e-01
13959.000110    4.475202963826515e-01
14009.000060    4.472357956778258e-01
14059.000020    4.474233191357340e-01
14108.999970    4.472659687383649e-01
14158.999920    4.474528410693637e-01
14208.999870    4.474464373477183e-01
14258.999820    4.473092747345361e-01
14307.999610    4.473555653597057e-01
14357.999560    4.470297938396002e-01
14407.999520    4.470845774265088e-01
14457.999470    4.468703268880835e-01
14507.999420    4.469283666791280e-01
14558.000560    4.468836497415999e-01
14608.000520    4.469251104747643e-01
14657.000300    4.469514305474573e-01
14707.000260    4.469187610967740e-01
14757.000210    4.469560976931780e-01
14807.000160    4.467883548694062e-01
14857.000110    4.468054493379682e-01
14907.000060    4.465653399358748e-01
14957.000020    4.465095522734350e-01
15005.999800    4.463543454595869e-01
15055.999760    4.461753148211916e-01
15105.999710    4.461878236592877e-01
15155.999660    4.459261969046791e-01
15205.999610    4.460642008473355e-01
15255.999570    4.458164396709789e-01
15305.999520    4.459186265034442e-01
15355.000500    4.457202764397097e-01
15405.000450    4.457164234518636e-01
15455.000400    4.456186051599244e-01
15505.000350    4.456160273965238e-01
15555.000310    4.456266367704121e-01
15605.000260    4.455705236154029e-01
15654.000040    4.455052932588923e-01
15704.000000    4.452070626924980e-01
15753.999950    4.449955526635300e-01
15803.999900    4.445801028648304e-01
15853.999850    4.444617441243073e-01
15903.999810    4.442510751405890e-01
15953.999760    4.444365365302309e-01
16002.999540    4.445286025118868e-01
16052.999500    4.449110842549364e-01
16102.999450    4.450975767499385e-01
16153.000590    4.452911240934953e-01
16203.000550    4.452748978417825e-01
16253.000500    4.450504447952947e-01
16303.000450    4.448231698660930e-01
16352.000240    4.444137711246418e-01
16402.000190    4.442054086129554e-01
16452.000140    4.439254121653392e-01
16502.000090    4.438322608768944e-01
16552.000050    4.437275776542848e-01
16602.000000    4.436230571779600e-01
16651.999950    4.435284949481582e-01
16700.999740    4.432505063676074e-01
16750.999690    4.430378024872224e-01
16800.999640    4.426183639837655e-01
16850.999590    4.423884027465353e-01
16900.999550    4.421615619967575e-01
16950.999500    4.421417270189661e-01
17000.999450    4.423281108266581e-01
17050.000430    4.425135180150990e-01
17100.000380    4.428805333206555e-01
17150.000330    4.430480048530586e-01
17200.000290    4.432077974393710e-01
17250.000240    4.431873925652444e-01
17300.000190    4.429853794315481e-01
17350.000140    4.427772611814011e-01
17398.999930    4.423751342364460e-01
17448.999880    4.421444675284234e-01
17498.999830    4.419068545164743e-01
17548.999790    4.418854999102437e-01
17598.999740    4.419929779857378e-01
17648.999690    4.421245782067491e-01
17698.999640    4.422445651205671e-01
17747.999430    4.422322733724108e-01
17798.000570    4.420698488214970e-01
17848.000530    4.419061760755111e-01
17898.000480    4.416846807704188e-01
17948.000430    4.416116900943331e-01
17998.000380    4.415543829456806e-01
18048.000340    4.415634184897010e-01
18097.000120    4.415424982051205e-01
18147.000070    4.415095302914690e-01
18197.000030    4.414731163977957e-01
18246.999980    4.414646234360566e-01
18296.999930    4.414855166910358e-01
18346.999880    4.414936840182070e-01
18396.999840    4.414975098342255e-01
18445.999620    4.413944004414839e-01
18495.999570    4.413808334684263e-01
18545.999530    4.411814251275039e-01
18595.999480    4.412626916753888e-01
18645.999430    4.410733501260733e-01
18696.000580    4.411861464746533e-01
18746.000530    4.411087600864420e-01
18795.000310    4.411039573662642e-01
18845.000270    4.411866891989330e-01
18895.000220    4.410127869152833e-01
18945.000170    4.411486201023634e-01
18995.000120    4.408868848031268e-01
19045.000080    4.409618291446210e-01
19093.999860    4.407717821247412e-01
19143.999810    4.408000015194157e-01
19193.999770    4.407503191156530e-01
19243.999720    4.407630992448898e-01
19293.999670    4.408476488845134e-01
19343.999620    4.408459666520159e-01
19393.999580    4.410753309637654e-01
19443.000560    4.410169655379251e-01
19493.000510    4.413259140228357e-01
19543.000460    4.411510078054254e-01
19593.000410    4.413884038698890e-01
19643.000360    4.411393673264048e-01
19693.000320    4.412524893095525e-01
19743.000270    4.410781800180787e-01
19792.000060    4.411328552021299e-01
19842.000010    4.410891150265349e-01
19891.999960    4.411312813724899e-01
19941.999910    4.411596906852767e-01
19991.999860    4.411858480116851e-01
20041.999820    4.412371314171432e-01
20092.000960    4.411988180588062e-01
20141.000750    4.412664361183788e-01
20190.999510    4.411056667703613e-01
20241.000650    4.412338210113506e-01
20290.999410    4.410074142989983e-01
20341.000560    4.412617691151124e-01
20390.999320    4.411181484368578e-01
20441.000460    4.414489942525065e-01
20490.000250    4.414296746849410e-01
20539.999010    4.416901617893335e-01
20590.000150    4.417335219867056e-01
20639.998910    4.418700606445781e-01
20690.000060    4.419299727284586e-01
20739.998820    4.419948774501735e-01
20789.999960    4.420699030226979e-01
20838.999750    4.420647476383510e-01
20889.000890    4.421580345012531e-01
20938.999650    4.420338691072475e-01
20989.000800    4.421872850015158e-01
21038.999560    4.419945518156057e-01
21089.000700    4.422723231642183e-01
21138.999460    4.421569491946920e-01
21187.999250    4.425121069315159e-01
21238.000390    4.425229335371145e-01
21287.999150    4.428166598462992e-01
21338.000300    4.428879681474331e-01
21387.999060    4.430613005349755e-01
21438.000200    4.431467728771018e-01
21487.998960    4.432600576065343e-01
21537.001130    4.433519606999071e-01
21586.999890    4.434571866470243e-01
21637.001040    4.435597534574846e-01
21686.999800    4.436571917712009e-01
21737.000940    4.437709106800573e-01
21786.999700    4.438094953293070e-01
21837.000850    4.439396574371337e-01
21886.000630    4.438579296802238e-01
21935.999390    4.440457245717269e-01
21986.000540    4.438976268078622e-01
22035.999300    4.442096144074246e-01
22086.000440    4.441393914128519e-01
22135.999200    4.445297963635317e-01
22186.000350    4.445823279638340e-01
22235.000130    4.449007733440163e-01
22284.998890    4.450082514197383e-01
22335.000040    4.452094775673875e-01
22385.001180    4.453309297659896e-01
22434.999940    4.454716740758772e-01
22485.001090    4.456154304708154e-01
22534.000870    4.457443443837979e-01
22583.999630    4.459582150862267e-01
22634.000780    4.460860436924202e-01
22683.999540    4.464245683119334e-01
22734.000680    4.465037184478970e-01
22783.999440    4.469145282729314e-01
22834.000590    4.468813704411676e-01
22883.000370    4.472216588086610e-01
22932.999130    4.471189834531168e-01
22983.000280    4.473482934212112e-01
23032.999040    4.473181475322718e-01
23083.000180    4.474948988704627e-01
23132.998940    4.475999891008964e-01
23183.000090    4.477636618468824e-01
23231.999870    4.479893629462161e-01
23282.001020    4.481416393324946e-01
23331.999780    4.484997276388865e-01
23382.000920    4.486127952783792e-01
23431.999680    4.490362224863657e-01
23482.000830    4.491005031107724e-01
23531.999590    4.494497999924570e-01
23580.999370    4.495575493593197e-01
23631.000520    4.497595082915872e-01
23680.999280    4.500006758284141e-01
23731.000420    4.500999594051374e-01
23780.999180    4.503813667941103e-01
23831.000330    4.505157346964064e-01
23880.999090    4.507059446047973e-01
23929.998870    4.509697961739570e-01
23980.000020    4.510679672722916e-01
24030.001160    4.514310753885732e-01
24079.999920    4.515587682780833e-01
24130.001070    4.519344394338898e-01
24179.999830    4.521489614056821e-01
24230.000970    4.524480873605252e-01
24279.000760    4.526485268068077e-01
24328.999520    4.528513811277519e-01
24379.000660    4.530411296848915e-01
24428.999420    4.532574966352382e-01
24479.000570    4.534973347459630e-01
24528.999330    4.537388822610129e-01
24579.000470    4.539704715295397e-01
24628.000260    4.541770974653014e-01
24677.999020    4.544384256147156e-01
24728.000160    4.547157900977303e-01
24777.998920    4.551124902251995e-01
24828.000070    4.554656942961589e-01
24877.998830    4.558194140620247e-01
24927.999970    4.560553718710776e-01
24976.999760    4.561812197820334e-01
25027.000900    4.563005010830607e-01
25076.999660    4.564392104962816e-01
25127.000810    4.566745713793981e-01
25176.999570    4.570905909322066e-01
25227.000710    4.574410544937086e-01
25276.999470    4.579596408572053e-01
25325.999260    4.581487653168088e-01
25376.000400    4.584599931019239e-01
25425.999160    4.584489767204393e-01
25476.000310    4.586056488190715e-01
25525.999070    4.587015406169738e-01
25576.000210    4.589711446384151e-01
25625.998970    4.593935135692138e-01
25675.001140    4.598124093481630e-01
25724.999900    4.603900394362370e-01
25775.001050    4.608054077196818e-01
25824.999810    4.612792771456505e-01
25875.000950    4.615971798013253e-01
25924.999710    4.619335338077163e-01
25973.999500    4.621932610978892e-01
26024.000640    4.624737730981855e-01
26073.999400    4.626850390078403e-01
26124.000550    4.629159498349480e-01
26173.999310    4.629964295392401e-01
26224.000450    4.631370382746704e-01
26273.999210    4.631199980075372e-01
26322.999000    4.632504587205585e-01
26373.000140    4.633811363812933e-01
26422.998910    4.636740757042030e-01
26473.000050    4.641190744661335e-01
26522.998810    4.645710195315347e-01
26572.999950    4.651711709058846e-01
26623.001100    4.656148671288600e-01
26672.000890    4.661594479302540e-01
26721.999650    4.665540858472307e-01
26772.000790    4.671070780951090e-01
26821.999550    4.675509915502506e-01
26872.000690    4.681525537235030e-01
26921.999450    4.686098714054174e-01
26972.000600    4.690678944156698e-01
27021.000390    4.693671832590239e-01
27070.999150    4.695246151718755e-01
27121.000290    4.696783024992830e-01
27170.999050    4.697015292561234e-01
27221.000190    4.698755671142302e-01
27270.998950    4.700027716228877e-01
27321.000100    4.702736239816274e-01
27369.999890    4.705378555290101e-01
27420.001030    4.708609680549130e-01
27469.999790    4.712350925526791e-01
27520.000930    4.716059067871070e-01
27569.999690    4.721141278960286e-01
27620.000840    4.725726392871336e-01
27669.999600    4.731767521941853e-01
27718.999390    4.736385197898821e-01
27769.000530    4.741218861108946e-01
27818.999290    4.744568290339304e-01
27869.000430    4.747084161687597e-01
27918.999200    4.749433972158795e-01
27969.000340    4.751868982543397e-01
28018.999100    4.755216784310907e-01
28067.998890    4.759408455009528e-01
28118.000030    4.763865497334478e-01
28168.001170    4.768168960733054e-01
28217.999940    4.772137047458584e-01
28268.001080    4.774590509050993e-01
28317.999840    4.778376798025292e-01
28368.000980    4.780534498271674e-01
28417.000770    4.785312265844092e-01
28466.999530    4.788991102490410e-01
28517.000680    4.793885003137039e-01
28566.999440    4.798569971233875e-01
28617.000580    4.802068095577522e-01
28666.999340    4.806781283921479e-01
28717.000480    4.809639586653019e-01
28766.000270    4.813666281925385e-01
28815.999030    4.817250693055537e-01
28866.000180    4.820393902642952e-01
28915.998940    4.825141822507681e-01
28966.000080    4.827971904989822e-01
29015.998840    4.833339024361733e-01
29065.999980    4.836567978721364e-01
29114.999770    4.841439629800220e-01
29165.000920    4.845041405265077e-01
29214.999680    4.849183149585355e-01
29265.000820    4.853254888852078e-01
29314.999580    4.857002645101114e-01
29365.000720    4.861877552525647e-01
29414.000510    4.865530883258516e-01
29463.999270    4.870830167054007e-01
29514.000420    4.874606686986713e-01
29563.999180    4.879128850552132e-01
29614.000320    4.882877151659981e-01
29663.999080    4.885979660471816e-01
29714.000230    4.889684003033866e-01
29763.000010    4.892356166217660e-01
29813.001160    4.896082216335472e-01
29862.999920    4.900290168767043e-01
29913.001060    4.904126382699702e-01
29962.999820    4.910179993718661e-01
30013.000970    4.914073732174136e-01
30062.999730    4.920181611370235e-01
30111.999510    4.923888668265953e-01
30162.000660    4.928283844271569e-01
30211.999420    4.932002839681458e-01
30262.000560    4.935249159802616e-01
30311.999320    4.939045216391688e-01
30362.000470    4.942931356704968e-01
30411.999230    4.946922236432543e-01
30460.999010    4.951433546932351e-01
30511.000160    4.955860198110782e-01
30560.998920    4.959715406685519e-01
30611.000060    4.965118885038770e-01
30660.998820    4.967967420150980e-01
30710.999970    4.974403077882488e-01
30761.001110    4.977348210832526e-01
30810.000900    4.983363290550762e-01
30859.999660    4.986973749608654e-01
30910.000800    4.991017268628257e-01
30959.999560    4.995338639800368e-01
31010.000710    4.997273841517660e-01
31059.999470    5.002691430706743e-01
31110.000610    5.004218536366045e-01
31159.000400    5.010692181961723e-01
31208.999160    5.013286741952047e-01
31259.000300    5.019868381887714e-01
31308.999060    5.023820730314567e-01
31359.000210    5.029258940186312e-01
31408.998970    5.034558765993811e-01
31459.000110    5.038623992569178e-01
31507.999900    5.044938089983678e-01
31558.001040    5.047691112706622e-01
31607.999800    5.054139795823120e-01
31658.000950    5.055885058212715e-01
31707.999710    5.061335208023172e-01
31758.000850    5.063439183528966e-01
31807.999610    5.067920102882256e-01
31856.999400    5.071866482052023e-01
31907.000540    5.075758593044650e-01
31956.999300    5.081681960155848e-01
32007.000450    5.084967895604026e-01
32056.999210    5.091250517845710e-01
32107.000350    5.094404583345541e-01
32156.999110    5.099836280525929e-01
32205.998900    5.103777775884890e-01
32256.000040    5.108378628094620e-01
32306.001190    5.113366412245406e-01
32355.999950    5.117594443347631e-01
32406.001090    5.122583856383527e-01
32455.999850    5.126714746213652e-01
32506.001000    5.131208690954214e-01
32555.000780    5.135250039076698e-01
32604.999540    5.139487837795974e-01
32655.000690    5.143635009361329e-01
32704.999450    5.147874435543452e-01
32755.000590    5.152041685777182e-01
32804.999350    5.156543770674227e-01
32853.999140    5.160633417714485e-01
32904.000280    5.165670586231604e-01
32953.999040    5.169864969843911e-01
33004.000190    5.175206583300092e-01
33053.998950    5.179393370190186e-01
33104.000090    5.184440306326636e-01
33153.998850    5.188602672751841e-01
33203.001020    5.193065684333875e-01
33252.999780    5.197236734349834e-01
33303.000930    5.201529343260536e-01
33352.999690    5.205777453033414e-01
33403.000830    5.210015251754969e-01
33452.999590    5.214526020242770e-01
33503.000740    5.218737227600035e-01
33552.000520    5.223638724966596e-01
33601.999280    5.227684958317590e-01
33652.000430    5.232974473073766e-01
33701.999190    5.236806888646458e-01
33752.000330    5.241982441227824e-01
33801.999090    5.246168684681367e-01
33852.000240    5.251086463780879e-01
33901.000020    5.255953773063217e-01
33951.001170    5.260319644795415e-01
34000.999930    5.265325880154007e-01
34051.001070    5.268912462181278e-01
34100.999830    5.273362448376041e-01
34151.000980    5.277108578584492e-01
34200.999740    5.281623145432258e-01
34249.999520    5.286456807222399e-01
34300.000670    5.291393037529716e-01
34349.999430    5.296938698304900e-01
34400.000570    5.301545521193977e-01
34449.999330    5.306463298871225e-01
34500.000480    5.310096550933439e-01
34549.999240    5.314045643012334e-01
34598.999020    5.317013025530144e-01
34649.000170    5.320689691279344e-01
34698.998930    5.324301779222346e-01
34749.000070    5.328596559030168e-01
34798.998830    5.333477435711785e-01
34848.999980    5.338405524440357e-01
34899.001120    5.343867612767265e-01
34948.000910    5.348617703526833e-01
34997.999670    5.353668981457521e-01
35048.000810    5.358121681985953e-01
35097.999570    5.362662840198010e-01
35148.000720    5.366945138055110e-01
35197.999480    5.371463503262842e-01
35248.000620    5.375889612426986e-01
35297.000410    5.380746068643713e-01
35346.999170    5.385491817609045e-01
35397.000310    5.390775905120145e-01
35446.999070    5.395543905077791e-01
35497.000220    5.400327640485031e-01
35546.998980    5.404552957255865e-01
35597.000120    5.408285520065035e-01
35645.999910    5.411951876182896e-01
35696.001050    5.415225873116902e-01
35745.999810    5.419201013123536e-01
35796.000960    5.422965594542071e-01
35845.999720    5.427686379605959e-01
35896.000860    5.432180866360811e-01
35945.999620    5.437382468292177e-01
35994.999410    5.441992002670398e-01
36045.000550    5.446924434617749e-01
36094.999310    5.451306586658354e-01
36145.000460    5.455681140559044e-01
36194.999220    5.459877153054182e-01
36245.000360    5.464112238864332e-01
36294.000150    5.468446635423714e-01
36343.998910    5.472707225725051e-01
36394.000050    5.477353121929138e-01
36443.998810    5.481413463271438e-01
36493.999960    5.486162468584727e-01
36544.001100    5.490116987908698e-01
36593.999860    5.494900181303929e-01
36642.999650    5.498872066387147e-01
36693.000790    5.503489742344114e-01
36742.999550    5.507631486662113e-01
36793.000700    5.511994644060642e-01
36842.999460    5.516159181382965e-01
36893.000600    5.520396980104519e-01
36942.999360    5.524596248945336e-01
36991.999150    5.528723883852046e-01
37042.000290    5.533026803816350e-01
37091.999050    5.537229329005123e-01
37142.000200    5.541720559412017e-01
37191.998960    5.545907346302111e-01
37242.000100    5.550511998294069e-01
37291.998860    5.554670564937043e-01
37341.001030    5.559077680881371e-01
37390.999790    5.563219967213658e-01
37441.000940    5.567504979404430e-01
37490.999700    5.571672773074708e-01
37541.000840    5.575843279654117e-01
37590.999600    5.580090303978434e-01
37641.000750    5.584238559570086e-01
37690.000530    5.588527370120823e-01
37739.999290    5.592680510940984e-01
37790.000440    5.597059406635911e-01
37839.999200    5.601270071978890e-01
37890.000340    5.605406932490641e-01
37939.999100    5.609802651932808e-01
37990.000250    5.613687706795250e-01
38039.000030    5.618216926490855e-01
38089.001180    5.622078104324957e-01
38138.999940    5.626699578639611e-01
38189.001080    5.630650299603616e-01
38238.999840    5.635046561057790e-01
38289.000990    5.639049921313823e-01
38338.999750    5.643225311704035e-01
38387.999530    5.647165721614439e-01
38438.000680    5.651252654321027e-01
38487.999440    5.655280436466494e-01
38538.000580    5.659354887222361e-01
38587.999340    5.663380498468430e-01
38638.000490    5.667458749006526e-01
38687.999250    5.671481645921205e-01
38736.999030    5.675478493483602e-01
38787.000180    5.679502475844560e-01
38836.998940    5.683569873317046e-01
38887.000080    5.687616105248056e-01
38936.998840    5.691665051510456e-01
38986.999990    5.695775320657919e-01
39037.001130    5.699786821068156e-01
39086.000920    5.703881351919220e-01
39135.999680    5.707827187650156e-01
39186.000820    5.711997694231844e-01
39235.999580    5.715899030827235e-01
39286.000730    5.719991934215451e-01
39335.999490    5.723926373446505e-01
39386.000630    5.727928648253978e-01
39435.000420    5.731841381351532e-01
39484.999180    5.735781791261935e-01
39535.000320    5.739775383900917e-01
39584.999080    5.743688115576207e-01
39635.000230    5.747641549451619e-01
39684.998990    5.751547227843526e-01
39734.001160    5.755394838278346e-01
39783.999920    5.759297803758848e-01
39834.001060    5.763209993422130e-01
39883.999820    5.767114042928929e-01
39934.000970    5.771003983022158e-01
39983.999730    5.774909117979795e-01
40033.998490    5.778762155657413e-01
40082.998280    5.782574492557173e-01
40132.999420    5.786400396858492e-01
40183.000560    5.790261031256042e-01
40233.001710    5.794085850108801e-01
40282.998090    5.797915552767807e-01
40332.999230    5.801752852149026e-01
40383.000370    5.805532084993138e-01
40432.000160    5.809300464769361e-01
40482.001300    5.813003723305114e-01
40531.997680    5.816860015906147e-01
40581.998830    5.820517146421244e-01
40631.999970    5.824382122613031e-01
40682.001110    5.828040880588696e-01
40732.002260    5.831849961145057e-01
40781.002040    5.835443597877973e-01
40830.998420    5.839186470318481e-01
40880.999570    5.842905465728371e-01
40931.000710    5.846655937733338e-01
40981.001850    5.850428115869527e-01
41030.998230    5.854106410503838e-01
41080.999370    5.857785247150156e-01
41129.999160    5.861174835141806e-01
41180.000310    5.864705520109107e-01
41230.001450    5.868113015872013e-01
41279.997830    5.871702310810690e-01
41329.998970    5.875400684115654e-01
41380.000110    5.879221161171897e-01
41430.001260    5.883206613654395e-01
41479.001050    5.887028718173485e-01
41529.002190    5.890870902783212e-01
41578.998570    5.894550824880370e-01
41628.999710    5.897951265937630e-01
41679.000850    5.901376128884324e-01
41729.002000    5.904551900517656e-01
41778.998370    5.907957768819992e-01
41827.998160    5.911193777887548e-01
41877.999310    5.914713066350408e-01
41928.000450    5.918203592554140e-01
41978.001590    5.921779320091257e-01
42027.997970    5.925340394780536e-01
42077.999110    5.928918293217053e-01
42128.000260    5.932466343943601e-01
42177.000050    5.935953071785086e-01
42227.001190    5.939373050923255e-01
42277.002330    5.942814192758372e-01
42326.998710    5.945922128815285e-01
42376.999860    5.949128833607144e-01
42427.001000    5.951994191044330e-01
42477.002140    5.955136858619736e-01
42526.001930    5.958237739971004e-01
42575.998310    5.961690821742556e-01
42625.999450    5.965522695300960e-01
42676.000600    5.969186337087430e-01
42726.001740    5.973215746693464e-01
42775.998120    5.976513078643804e-01
42825.999260    5.980068726088005e-01
42874.999050    5.982813608656743e-01
42925.000190    5.985987752827228e-01
42975.001340    5.988894354476543e-01
43024.997710    5.992190600978323e-01
43074.998860    5.995500956891391e-01
43125.000000    5.998873721138082e-01
43173.999790    6.002183535039142e-01
43224.000930    6.005300154686808e-01
43274.002080    6.008661522429058e-01
43323.998450    6.011564325718407e-01
43373.999600    6.015115632790634e-01
43424.000740    6.018027660262764e-01
43474.001880    6.021613156839196e-01
43523.001670    6.024667910169809e-01
43572.998050    6.027967413017266e-01
43622.999190    6.031265286979614e-01
43673.000340    6.034177315874005e-01
43723.001480    6.037234782113745e-01
43772.997860    6.040064866018150e-01
43822.999000    6.042771217286166e-01
43871.998790    6.045960556318778e-01
43921.999930    6.048753194371019e-01
43972.001080    6.052292019492524e-01
44022.002220    6.055361969105248e-01
44071.998600    6.058517118631375e-01
44121.999740    6.061695059739564e-01
44172.000890    6.064346058804143e-01
44221.000670    6.067477329879667e-01
44271.001820    6.070142981792087e-01
44320.998190    6.073330148505317e-01
44370.999340    6.076296445574569e-01
44421.000480    6.079435856804296e-01
44471.001630    6.082563329517575e-01
44520.998000    6.085495437082621e-01
44569.997790    6.088558330567437e-01
44619.998930    6.091130640989988e-01
44670.000080    6.094163144750547e-01
44720.001220    6.096718087991588e-01
44770.002370    6.099485220128100e-01
44819.998740    6.102655564516355e-01
44869.999890    6.104835515752772e-01
44918.999670    6.108499157536963e-01
44969.000820    6.110050141649147e-01
45019.001960    6.113658973244190e-01
45068.998340    6.115171968067661e-01
45118.999480    6.118402007875853e-01
45169.000630    6.120511952638732e-01
45219.001770    6.123535230796529e-01
45268.001560    6.126175918807506e-01
45317.997930    6.129133532286003e-01
45367.999080    6.132060754617981e-01
45418.000220    6.134985807475103e-01
45468.001370    6.137937451696515e-01
45517.997740    6.140846766257237e-01
45567.998890    6.143785928527928e-01
45616.998670    6.146622525125968e-01
45666.999820    6.149557887612150e-01
45717.000960    6.152386886067995e-01
45767.002110    6.155340157752254e-01
45816.998480    6.157854401637699e-01
45866.999630    6.160861398062546e-01
45917.000770    6.162630540327286e-01
45966.000560    6.165790030227668e-01
46016.001700    6.166812985423143e-01
46065.998080    6.170380029369507e-01
46115.999220    6.171476789398487e-01
46166.000370    6.175027011022154e-01
46216.001510    6.177113620768702e-01
46265.997890    6.179880752905211e-01
46314.997670    6.183003883824252e-01
46364.998820    6.185026999788618e-01
46414.999960    6.188470313945398e-01
46465.001110    6.190518935825492e-01
46515.002250    6.193218232385584e-01
46564.998630    6.195614714313988e-01
46613.998410    6.197492391510743e-01
46663.999560    6.199836232724857e-01
46714.000700    6.201772519892987e-01
46764.001850    6.203676245015202e-01
46813.998220    6.205987525610219e-01
46863.999370    6.207854349739085e-01
46914.000510    6.210330604335815e-01
46963.000300    6.212983230863244e-01
47013.001440    6.215272261888208e-01
47062.997820    6.218792092365357e-01
47112.998960    6.220519446983697e-01
47163.000110    6.223939426119586e-01
47213.001250    6.225298300004674e-01
47262.997630    6.228191334254709e-01
47312.002180    6.229835658434500e-01
47361.998560    6.232406339971941e-01
47411.999700    6.234683974494745e-01
47462.000850    6.236865553194010e-01
47512.001990    6.239471509686494e-01
47561.998370    6.241001328254924e-01
47611.999510    6.243865600243549e-01
47660.999300    6.244955304142343e-01
47711.000440    6.248092545897215e-01
47761.001590    6.249319548411694e-01
47810.997960    6.252216924455967e-01
47860.999110    6.253685420143892e-01
47911.000250    6.256084071547153e-01
47961.001400    6.258045864628735e-01
48010.001180    6.260410869964340e-01
48060.002330    6.262888210009632e-01
48109.998700    6.265005210902697e-01
48159.999850    6.267140119567017e-01
48210.000990    6.268084384698200e-01
48260.002140    6.269811739314261e-01
48309.998510    6.270448848019518e-01
48358.998300    6.273141631885973e-01
48408.999440    6.275132730665515e-01
48459.000590    6.279134462036438e-01
48509.001730    6.282094789848605e-01
48558.998110    6.285398634492578e-01
48608.999250    6.287635023380991e-01
48659.000400    6.288845203572774e-01
48708.000180    6.290038560017318e-01
48758.001330    6.290248034579119e-01
48807.997700    6.291527677807890e-01
48857.998850    6.292404650799204e-01
48907.999990    6.294300235767214e-01
48958.001140    6.296082401996964e-01
49008.002280    6.298267780478457e-01
49057.002070    6.300360359482089e-01
49106.998440    6.302556047592643e-01
49156.999590    6.304733827931941e-01
49207.000730    6.306908895359832e-01
49257.001880    6.309071480837002e-01
49306.998250    6.311229182505647e-01
49356.999400    6.313383084392062e-01
49405.999180    6.315419767757987e-01
49456.000330    6.317526456172908e-01
49506.001470    6.319174036698378e-01
49555.997850    6.320911160356032e-01
49605.998990    6.321501597604083e-01
49656.000140    6.322494705089592e-01
49706.001280    6.322291198360334e-01
49755.001070    6.323160574631715e-01
49805.002210    6.324033749263064e-01
49854.998590    6.326108962505169e-01
49904.999730    6.329311867514800e-01
49955.000880    6.332629279558055e-01
50005.002020    6.336919717571639e-01
50054.001810    6.340410787209642e-01
50103.998180    6.344256770181613e-01
