   4.247358737218e-3    3.231404593065e-2   -9.715629522215e-3    8.199488441225e-3    7.288427565896e-3   -3.634229949055e-3   -3.294395982200e-3 
   4.887738278128e-2    5.978602802893e-1   -2.079222967202e-1    1.088740438247e-1    4.666954324786e-2   -1.334147134493e-2   -3.914996645811e-2 
   4.015863091190e-2    2.079222967202e-1    1.645970119444e-1    8.351952991453e-2    5.114740085468e-2    1.217862237677e-2   -4.506711205974e-2 
  -7.988115185559e-3   -1.088740438247e-1   -8.351952991453e-2    4.726009106840e-4    3.048388792335e-2   -1.182268544760e-2    4.862010553750e-3 
  -7.287991634294e-3   -4.666954324786e-2   -5.114740085468e-2   -3.048388792335e-2    5.503167644558e-6   -1.852347991021e-2    1.430002486694e-2 
   3.630267324412e-3    1.334147134493e-2   -1.217862237677e-2    1.182268544760e-2    1.852347991021e-2    8.684650261894e-7   -3.576117734950e-3 
   3.294286772414e-3    3.914996645811e-2    4.506711205974e-2   -4.862010553750e-3   -1.430002486694e-2    3.576117734950e-3    2.821060581893e-9 
