# Cij Matrix from post process computation
 3.36316  1.87373  1.87607 -0.00346 -0.00172 -0.00104
 1.87373  3.36170  1.87425  0.00443  0.00033  0.00014
 1.87607  1.87425  3.36573  0.00143  0.00155  0.00127
-0.00346  0.00443  0.00143  1.87425  0.00127  0.00033
-0.00172  0.00033  0.00155  0.00127  1.87607 -0.00346
-0.00104  0.00014  0.00127  0.00033 -0.00346  1.87373
